[[23.19,23.93],
[22.76,15.99],
[20.3,21.75],
[19.56,19.42],
[18.93,23.99],
[18.98,20.46],
[19.38,23.7],
[16.56,22.1],
[16.03,19.56],
[18.04,20.79],
[21.52,24.99],
[20.37,18.11],
[24.75,19.9],
[22.98,21.84],
[17.44,24.18],
[24.96,24.09],
[18.95,23.58],
[23.22,22.1],
[19.6,23.83],
[15.57,23.16],
[19.72,19.45],
[17.2,22.78],
[21.68,20.96],
[23.59,21.69],
[18.27,16.9],
[24.83,23.11],
[17.75,15.33],
[22.53,17.63],
[16.26,17.44],
[19.16,21.61],
[21.33,15.44],
[15.87,16.73],
[22.04,18.66],
[19.53,19.8],
[24.99,22.9],
[20.23,22.22],
[20.57,22.73],
[18.57,24.47],
[16.43,21.05],
[24.84,21.12],
[20.62,20.71],
[15.04,16.39],
[21.5,20.25],
[24.37,22.17],
[23.26,20.23],
[19.51,15.71],
[24.78,24.65],
[17.91,22.15],
[22.32,17.81],
[21.54,24.8],
[20.2,21.12],
[17.68,18.11],
[19.01,21.99],
[18.84,21.53],
[16.56,20.75],
[16.31,20.62],
[20.42,22.66],
[22.64,24.25],
[20.61,21.5],
[15.38,21.93],
[24.84,20.29],
[21.76,24.68],
[22.88,15.08],
[17.92,16.65],
[17.03,22.47],
[16.36,22.0],
[18.81,19.44],
[18.35,15.35],
[15.18,15.1],
[15.88,18.4],
[20.76,21.02],
[16.64,15.28],
[20.71,23.53],
[18.15,22.76],
[24.78,18.29],
[20.44,22.13],
[23.07,17.42],
[15.81,17.98],
[20.18,21.21],
[16.4,15.52],
[24.56,15.91],
[17.63,21.77],
[19.64,18.12],
[23.65,18.2],
[17.31,16.8],
[15.26,23.49],
[19.77,16.13],
[22.1,20.72],
[21.32,19.13],
[19.17,17.53],
[24.5,21.62],
[21.46,17.26],
[24.39,18.11],
[15.46,21.89],
[21.98,16.85],
[23.77,23.16],
[19.83,20.17],
[18.52,18.31],
[19.27,18.65],
[22.54,16.14],
[6.09,7.48],
[3.02,5.4],
[8.46,3.86],
[1.75,7.87],
[7.24,0.85],
[3.36,8.41],
[4.45,9.28],
[9.67,3.7],
[1.01,5.92],
[8.96,1.86],
[7.74,4.06],
[5.07,7.93],
[0.03,1.68],
[0.98,3.39],
[6.18,1.05],
[5.84,2.25],
[5.5,0.02],
[7.53,3.44],
[0.83,5.19],
[5.77,2.7],
[8.93,7.54],
[8.81,0.59],
[9.67,5.77],
[8.36,2.79],
[5.29,1.8],
[7.97,6.59],
[3.85,0.81],
[1.63,6.84],
[5.01,6.19],
[8.43,4.2],
[3.9,9.54],
[9.08,0.21],
[6.9,5.22],
[0.33,5.67],
[6.96,6.63],
[9.0,4.28],
[1.04,0.43],
[5.65,7.03],
[0.29,9.32],
[9.47,2.01],
[8.02,6.39],
[8.43,9.03],
[9.28,2.57],
[3.27,6.85],
[2.59,4.64],
[1.68,8.16],
[9.71,1.73],
[1.31,3.58],
[5.53,2.16],
[8.09,8.05],
[1.95,3.33],
[4.92,9.04],
[1.11,7.69],
[7.69,0.87],
[3.17,9.26],
[1.88,8.68],
[3.4,6.49],
[3.21,1.69],
[2.03,7.67],
[0.92,8.33],
[3.73,7.52],
[3.21,4.97],
[1.65,8.96],
[0.68,2.28],
[1.56,8.52],
[5.79,7.03],
[0.7,9.64],
[6.42,4.47],
[0.48,0.72],
[0.86,9.56],
[8.84,7.25],
[6.96,4.38],
[3.09,7.14],
[2.88,3.03],
[4.14,2.91],
[6.54,0.91],
[0.66,7.96],
[6.05,6.34],
[1.87,2.09],
[4.03,5.24],
[9.34,3.92],
[5.06,6.12],
[8.27,2.06],
[8.72,6.95],
[1.17,4.89],
[8.75,8.99],
[9.87,5.49],
[2.58,9.54],
[2.7,9.06],
[8.09,1.45],
[7.75,8.51],
[9.33,2.84],
[1.91,0.02],
[5.67,5.15],
[0.77,6.13],
[9.95,3.14],
[3.05,1.79],
[6.1,3.14],
[0.98,1.31],
[2.37,2.93]]