[
	[0,1.2649110640673518],
	[0,1.0],
	[0,0.8062257748298554],
	[0,0.8062257748298552],
	[0,0.5830951894845302],
	[0,0.5830951894845302],
	[0,0.5099019513592785],
	[0,0.29999999999999993],
	[1,0.29999999999999993],
	[1,0.29999999999999993],
	[0,0.29999999999999993],
	[0,0.2236067977499787],
	[1,0.2236067977499787],
	[2,0.14142135623730948],
	[1,0.10000000000000009],
	[0,0.10000000000000009],
	[0,0.10000000000000009],
	[2,0.10000000000000009],
	[3,0.10000000000000009],
	[1,0.10000000000000009],
	[3,0.10000000000000009],
	[2,0.10000000000000009],
	[0,0.10000000000000009],
	[1,0.10000000000000009],
	[2,0.10000000000000009],
	[3,0.10000000000000009],
	[1,0.10000000000000009],
	[0,0.10000000000000009],
	[1,0.10000000000000009],
	[3,0.10000000000000009],
	[3,0.10000000000000009],
	[0,0.10000000000000009],
	[3,0.10000000000000009],
	[1,0.10000000000000009],
	[1,0.10000000000000009],
	[4,0.10000000000000009],
	[4,0.09999999999999998],
	[4,0.09999999999999998],
	[3,0.09999999999999998],
	[5,0.09999999999999998],
	[1,0.09999999999999998],
	[1,0.09999999999999998],
	[1,0.09999999999999998],
	[6,0.09999999999999998],
	[2,0.09999999999999998],
	[2,0.09999999999999998],
	[5,0.09999999999999998],
	[3,0.09999999999999998],
	[2,0.09999999999999998],
	[0,0.09999999999999998],
	[0,0.09999999999999998],
	[5,0.09999999999999987],
	[2,0.09999999999999987],
	[2,0.09999999999999987],
	[7,0.09999999999999987],
	[2,0.09999999999999987],
	[4,0.09999999999999964],
	[5,0.09999999999999964],
	[4,0.09999999999999964],
	[0,0.09999999999999964],
	[0,0.09999999999999964],
	[1,0.09999999999999964],
	[7,0.09999999999999964],
	[6,0.09999999999999964],
	[8,0.09999999999999964],
	[6,0.09999999999999964],
	[6,0.09999999999999964],
	[6,0.09999999999999964],
	[4,0.09999999999999964],
	[6,0.09999999999999964],
	[4,0.09999999999999964],
	[6,0.09999999999999964],
	[2,0.09999999999999964],
	[8,0.09999999999999964],
	[6,0.09999999999999964],
	[4,0.09999999999999964],
	[6,0.09999999999999964],
	[9,0.09999999999999964],
	[6,0.09999999999999964],
	[0,0.09999999999999964],
	[1,0.09999999999999964],
	[0,0.09999999999999964],
	[2,0.09999999999999964],
	[8,0.09999999999999964],
	[10,0.09999999999999964],
	[9,0.09999999999999964],
	[6,0.09999999999999964],
	[0,0.09999999999999964],
	[5,0.09999999999999964],
	[6,0.09999999999999964],
	[5,0.09999999999999964],
	[6,0.09999999999999964],
	[10,0.09999999999999964],
	[6,0.09999999999999964],
	[4,0.09999999999999964],
	[3,0.09999999999999964],
	[3,0.09999999999999964],
	[0,0.09999999999999964],
	[2,0.09999999999999964],
	[0,0.09999999999999964],
	[10,0.09999999999999964],
	[3,0.09999999999999964],
	[6,0.09999999999999964],
	[8,0.09999999999999964],
	[4,0.09999999999999964],
	[7,0.09999999999999964],
	[6,0.09999999999999964],
	[6,0.09999999999999964],
	[7,0.09999999999999964],
	[7,0.09999999999999964],
	[2,0.09999999999999964],
	[3,0.09999999999999964],
	[10,0.09999999999999964],
	[3,0.09999999999999964],
	[2,0.09999999999999964],
	[4,0.09999999999999964],
	[1,0.09999999999999964],
	[4,0.09999999999999964],
	[10,0.09999999999999964],
	[1,0.09999999999999964],
	[4,0.09999999999999964],
	[10,0.09999999999999964],
	[6,0.09999999999999964],
	[1,0.09999999999999964],
	[5,0.09999999999999964],
	[0,0.09999999999999964],
	[4,0.09999999999999964],
	[8,0.09999999999999964],
	[6,0.09999999999999964],
	[6,0.09999999999999964],
	[6,0.09999999999999964],
	[1,0.09999999999999964],
	[2,0.09999999999999964],
	[6,0.09999999999999964],
	[3,0.09999999999999964],
	[0,0.09999999999999964],
	[7,0.09999999999999964],
	[9,0.09999999999999964],
	[9,0.09999999999999964],
	[7,0.09999999999999964],
	[0,0.09999999999999964],
	[1,0.09999999999999964],
	[8,0.09999999999999964],
	[5,0.09999999999999964],
	[2,0.09999999999999964],
	[6,0.09999999999999964],
	[0,0.09999999999999964],
	[4,0.09999999999999964],
	[1,0.09999999999999964],
	[8,0.09999999999999964],
	[1,0.09999999999999964],
	[5,0.09999999999999964],
	[1,0.09999999999999964],
	[1,0.09999999999999964],
	[6,0.09999999999999964],
	[8,0.09999999999999964],
	[5,0.09999999999999964],
	[5,0.09999999999999964],
	[2,0.09999999999999964],
	[0,0.09999999999999964],
	[2,0.09999999999999964],
	[10,0.09999999999999964],
	[9,0.09999999999999964],
	[1,0.09999999999999964],
	[1,0.09999999999999964],
	[6,0.09999999999999964],
	[6,0.09999999999999964],
	[3,0.09999999999999964],
	[9,0.09999999999999964],
	[5,0.09999999999999964],
	[6,0.09999999999999964],
	[8,0.09999999999999964],
	[7,0.09999999999999964],
	[4,0.09999999999999964],
	[8,0.09999999999999964],
	[8,0.09999999999999964],
	[0,0.09999999999999964],
	[2,0.09999999999999964],
	[8,0.09999999999999964],
	[7,0.09999999999999964],
	[2,0.09999999999999964],
	[5,0.09999999999999964],
	[1,0.09999999999999964],
	[3,0.09999999999999964],
	[1,0.09999999999999964],
	[3,0.09999999999999964],
	[5,0.09999999999999964],
	[5,0.09999999999999964],
	[5,0.09999999999999964],
	[2,0.09999999999999964],
	[8,0.09999999999999964],
	[0,0.09999999999999964],
	[11,0.09999999999999964],
	[8,0.09999999999999964],
	[2,0.09999999999999964],
	[5,0.09999999999999964],
	[8,0.09999999999999964],
	[8,0.09999999999999964],
	[1,0.09999999999999964],
	[0,0.09999999999999964],
	[5,0.09999999999999964],
	[3,0.09999999999999964],
	[6,0.09999999999999964],
	[4,0.09999999999999964],
	[4,0.09999999999999964],
	[8,0.09999999999999964],
	[12,0.09999999999999964],
	[6,0.09999999999999964],
	[9,0.09999999999999964],
	[1,0.09999999999999964],
	[2,0.09999999999999964],
	[3,0.09999999999999964],
	[2,0.09999999999999964],
	[2,0.09999999999999964],
	[3,0.09999999999999964],
	[8,0.09999999999999964],
	[2,0.09999999999999964],
	[6,0.09999999999999964],
	[6,0.09999999999999964],
	[3,0.09999999999999964],
	[6,0.09999999999999964],
	[6,0.09999999999999964],
	[8,0.09999999999999964],
	[1,0.09999999999999964],
	[0,0.09999999999999964],
	[5,0.09999999999999964],
	[8,0.09999999999999964],
	[5,0.09999999999999964],
	[2,0.09999999999999964],
	[4,0.09999999999999964],
	[6,0.09999999999999964],
	[5,0.09999999999999964],
	[5,0.09999999999999964],
	[2,0.09999999999999964],
	[11,0.09999999999999964],
	[1,0.09999999999999964],
	[7,0.09999999999999964],
	[11,0.09999999999999964],
	[3,0.09999999999999964],
	[4,0.09999999999999964],
	[1,0.09999999999999964],
	[16,0.09999999999999964],
	[8,0.09999999999999964],
	[1,0.09999999999999964],
	[9,0.09999999999999964],
	[11,0.09999999999999964],
	[9,0.09999999999999964],
	[9,0.09999999999999964],
	[10,0.09999999999999964],
	[4,0.09999999999999964],
	[4,0.09999999999999964],
	[16,0.09999999999999964],
	[1,0.09999999999999964],
	[7,0.09999999999999964],
	[4,0.09999999999999964],
	[6,0.09999999999999964],
	[16,0.09999999999999964],
	[15,0.09999999999999964],
	[15,0.09999999999999964],
	[2,0.09999999999999964],
	[8,0.09999999999999964],
	[6,0.09999999999999964],
	[5,0.09999999999999964],
	[13,0.09999999999999964],
	[8,0.09999999999999964],
	[7,0.09999999999999964],
	[6,0.09999999999999964],
	[10,0.09999999999999964],
	[1,0.09999999999999964],
	[1,0.09999999999999964],
	[12,0.09999999999999964],
	[7,0.09999999999999964],
	[8,0.09999999999999964],
	[10,0.09999999999999964],
	[6,0.09999999999999964],
	[2,0.09999999999999964],
	[6,0.09999999999999964],
	[12,0.09999999999999964],
	[1,0.09999999999999964],
	[10,0.09999999999999964],
	[6,0.09999999999999964],
	[12,0.09999999999999964],
	[11,0.09999999999999964],
	[10,0.09999999999999964],
	[12,0.09999999999999964],
	[11,0.09999999999999964],
	[5,0.09999999999999964],
	[2,0.09999999999999964],
	[10,0.09999999999999964],
	[8,0.09999999999999964],
	[3,0.09999999999999964],
	[6,0.09999999999999964],
	[0,0.09999999999999964],
	[0,0.09999999999999964],
	[2,0.09999999999999964],
	[12,0.09999999999999964],
	[5,0.09999999999999964],
	[7,0.09999999999999964],
	[2,0.09999999999999964],
	[9,0.09999999999999964],
	[3,0.09999999999999964],
	[1,0.09999999999999964],
	[6,0.09999999999999964],
	[8,0.09999999999999964],
	[6,0.09999999999999964],
	[10,0.09999999999999964],
	[4,0.09999999999999964],
	[8,0.09999999999999964],
	[8,0.09999999999999964],
	[5,0.09999999999999964],
	[6,0.09999999999999964],
	[11,0.09999999999999964],
	[7,0.09999999999999964],
	[8,0.09999999999999964],
	[1,0.09999999999999964],
	[0,0.09999999999999964],
	[6,0.09999999999999964],
	[5,0.09999999999999964],
	[3,0.09999999999999964],
	[8,0.09999999999999964],
	[5,0.09999999999999964],
	[8,0.09999999999999964],
	[3,0.09999999999999964],
	[10,0.09999999999999964],
	[3,0.09999999999999964],
	[3,0.09999999999999964],
	[7,0.09999999999999964],
	[4,0.09999999999999964],
	[8,0.09999999999999964],
	[3,0.09999999999999964],
	[6,0.09999999999999964],
	[4,0.09999999999999964],
	[10,0.09999999999999964],
	[3,0.09999999999999964],
	[0,0.09999999999999964],
	[9,0.09999999999999964],
	[2,0.09999999999999964],
	[5,0.09999999999999964],
	[6,0.09999999999999964],
	[9,0.09999999999999964],
	[8,0.09999999999999964],
	[6,0.09999999999999964],
	[8,0.09999999999999964],
	[4,0.09999999999999964],
	[8,0.09999999999999964],
	[6,0.09999999999999964],
	[3,0.09999999999999964],
	[2,0.09999999999999964],
	[7,0.09999999999999964],
	[2,0.09999999999999964],
	[8,0.09999999999999964],
	[12,0.09999999999999964],
	[8,0.09999999999999964],
	[3,0.09999999999999964],
	[8,0.09999999999999964],
	[4,0.09999999999999964],
	[6,0.09999999999999964],
	[10,0.09999999999999964],
	[10,0.09999999999999964],
	[10,0.09999999999999964],
	[2,0.09999999999999964],
	[10,0.09999999999999964],
	[10,0.09999999999999964],
	[5,0.09999999999999964],
	[8,0.09999999999999964],
	[4,0.09999999999999964],
	[4,0.09999999999999964],
	[12,0.09999999999999964],
	[8,0.09999999999999964],
	[8,0.09999999999999964],
	[10,0.09999999999999964],
	[10,0.09999999999999964],
	[6,0.09999999999999964],
	[8,0.09999999999999964],
	[8,0.09999999999999964],
	[1,0.09999999999999964],
	[1,0.09999999999999964],
	[11,0.09999999999999964],
	[7,0.09999999999999964],
	[9,0.09999999999999964],
	[6,0.09999999999999964],
	[0,0.09999999999999964],
	[1,0.09999999999999964],
	[9,0.09999999999999964],
	[10,0.09999999999999964],
	[3,0.09999999999999964],
	[2,0.09999999999999964],
	[2,0.09999999999999964],
	[4,0.09999999999999964],
	[9,0.09999999999999964],
	[8,0.09999999999999964],
	[7,0.09999999999999964],
	[8,0.09999999999999964],
	[8,0.09999999999999964],
	[8,0.09999999999999964],
	[0,0.09999999999999964],
	[10,0.09999999999999964],
	[8,0.09999999999999964],
	[12,0.09999999999999964],
	[9,0.09999999999999964],
	[8,0.09999999999999964],
	[8,0.09999999999999964],
	[8,0.09999999999999964],
	[8,0.09999999999999964],
	[10,0.09999999999999964],
	[7,0.09999999999999964],
	[9,0.09999999999999964],
	[3,0.09999999999999964],
	[12,0.09999999999999964],
	[9,0.09999999999999964],
	[10,0.09999999999999964],
	[9,0.09999999999999964],
	[3,0.09999999999999964],
	[8,0.09999999999999964],
	[6,0.09999999999999964],
	[5,0.09999999999999964],
	[1,0.09999999999999964],
	[9,0.09999999999999964],
	[2,0.09999999999999964],
	[6,0.09999999999999964],
	[4,0.09999999999999964],
	[4,0.09999999999999964],
	[4,0.09999999999999964],
	[5,0.09999999999999964],
	[8,0.09999999999999964],
	[0,0.09999999999999964],
	[1,0.09999999999999964],
	[6,0.09999999999999964],
	[1,0.09999999999999964],
	[6,0.09999999999999964],
	[3,0.09999999999999964],
	[5,0.09999999999999964],
	[5,0.09999999999999964],
	[10,0.09999999999999964],
	[1,0.09999999999999964],
	[6,0.09999999999999964],
	[2,0.09999999999999964],
	[5,0.09999999999999964],
	[5,0.09999999999999964],
	[5,0.09999999999999964],
	[10,0.09999999999999964],
	[4,0.09999999999999964],
	[3,0.09999999999999964],
	[1,0.09999999999999964],
	[1,0.09999999999999964],
	[6,0.09999999999999964],
	[3,0.09999999999999964],
	[4,0.09999999999999964],
	[5,0.09999999999999964],
	[5,0.09999999999999964],
	[1,0.09999999999999964],
	[4,0.09999999999999964],
	[3,0.09999999999999964],
	[8,0.09999999999999964],
	[1,0.09999999999999964],
	[5,0.09999999999999964],
	[6,0.09999999999999964],
	[9,0.09999999999999964],
	[7,0.09999999999999964],
	[7,0.09999999999999964],
	[4,0.09999999999999964],
	[7,0.09999999999999964],
	[3,0.09999999999999964],
	[1,0.09999999999999964],
	[3,0.09999999999999964],
	[1,0.09999999999999964],
	[6,0.09999999999999964],
	[6,0.09999999999999964],
	[0,0.09999999999999964],
	[1,0.09999999999999964],
	[4,0.09999999999999964],
	[9,0.09999999999999964],
	[7,0.09999999999999964],
	[3,0.09999999999999964],
	[6,0.09999999999999964],
	[3,0.09999999999999964],
	[6,0.09999999999999964],
	[2,0.09999999999999964],
	[7,0.09999999999999964],
	[3,0.09999999999999964],
	[7,0.09999999999999964],
	[1,0.09999999999999964],
	[5,0.09999999999999964],
	[6,0.09999999999999964],
	[9,0.09999999999999964],
	[7,0.09999999999999964],
	[4,0.09999999999999964],
	[6,0.09999999999999964],
	[5,0.09999999999999964],
	[1,0.09999999999999964],
	[8,0.09999999999999964],
	[7,0.09999999999999964],
	[7,0.09999999999999964],
	[5,0.09999999999999964],
	[6,0.09999999999999964],
	[4,0.09999999999999964],
	[5,0.09999999999999964],
	[1,0.09999999999999964],
	[0,0.09999999999999964],
	[4,0.09999999999999964],
	[5,0.09999999999999964],
	[3,0.09999999999999964],
	[3,0.09999999999999964],
	[8,0.09999999999999964],
	[6,0.09999999999999964],
	[6,0.09999999999999964],
	[8,0.09999999999999964],
	[6,0.09999999999999964],
	[5,0.09999999999999964],
	[5,0.09999999999999964],
	[3,0.09999999999999964],
	[0,0.09999999999999964],
	[4,0.09999999999999964],
	[6,0.09999999999999964],
	[6,0.09999999999999964],
	[2,0.09999999999999964],
	[7,0.09999999999999964],
	[8,0.09999999999999964],
	[8,0.09999999999999964],
	[2,0.09999999999999964],
	[8,0.09999999999999964],
	[8,0.09999999999999964],
	[3,0.09999999999999964],
	[6,0.09999999999999964],
	[6,0.09999999999999964],
	[8,0.09999999999999964],
	[3,0.09999999999999964],
	[7,0.09999999999999964],
	[6,0.09999999999999964],
	[4,0.09999999999999964],
	[5,0.09999999999999964],
	[4,0.09999999999999964],
	[5,0.09999999999999964],
	[1,0.09999999999999964],
	[0,0.09999999999999964],
	[3,0.09999999999999964],
	[3,0.09999999999999964],
	[3,0.09999999999999964],
	[5,0.09999999999999964],
	[8,0.09999999999999964],
	[10,0.09999999999999964],
	[6,0.09999999999999964],
	[4,0.09999999999999964],
	[4,0.09999999999999964],
	[8,0.09999999999999964],
	[7,0.09999999999999964],
	[7,0.09999999999999964],
	[8,0.09999999999999964],
	[5,0.09999999999999964],
	[5,0.09999999999999964],
	[1,0.09999999999999964],
	[8,0.09999999999999964],
	[5,0.09999999999999964],
	[8,0.09999999999999964],
	[4,0.09999999999999964],
	[5,0.09999999999999964],
	[6,0.09999999999999964],
	[3,0.09999999999999964],
	[6,0.09999999999999964],
	[4,0.09999999999999964],
	[2,0.09999999999999964],
	[2,0.09999999999999964],
	[4,0.09999999999999964],
	[4,0.09999999999999964],
	[3,0.09999999999999964],
	[3,0.09999999999999964],
	[3,0.09999999999999964],
	[7,0.09999999999999964],
	[4,0.09999999999999964],
	[4,0.09999999999999964],
	[0,0.09999999999999964],
	[6,0.09999999999999964],
	[7,0.09999999999999964],
	[5,0.09999999999999964],
	[8,0.09999999999999964],
	[0,0.09999999999999964],
	[3,0.09999999999999964],
	[0,0.09999999999999964],
	[5,0.09999999999999964],
	[5,0.09999999999999964],
	[8,0.09999999999999964],
	[4,0.09999999999999964],
	[2,0.09999999999999964],
	[0,0.09999999999999964],
	[7,0.09999999999999964],
	[10,0.09999999999999964],
	[8,0.09999999999999964],
	[5,0.09999999999999964],
	[5,0.09999999999999964],
	[3,0.09999999999999964],
	[6,0.09999999999999964],
	[6,0.09999999999999964],
	[8,0.09999999999999964],
	[6,0.09999999999999964],
	[6,0.09999999999999964],
	[7,0.09999999999999964],
	[6,0.09999999999999964],
	[3,0.09999999999999964],
	[3,0.09999999999999964],
	[6,0.09999999999999964],
	[3,0.09999999999999964],
	[6,0.09999999999999964],
	[2,0.09999999999999964],
	[6,0.09999999999999964],
	[5,0.09999999999999964],
	[3,0.09999999999999964],
	[3,0.09999999999999964],
	[4,0.09999999999999964],
	[2,0.09999999999999964],
	[1,0.09999999999999964],
	[3,0.09999999999999964],
	[4,0.09999999999999964],
	[3,0.09999999999999964],
	[2,0.09999999999999964],
	[4,0.09999999999999964],
	[7,0.09999999999999964],
	[3,0.09999999999999964],
	[7,0.09999999999999964],
	[2,0.09999999999999964],
	[0,0.09999999999999964],
	[7,0.09999999999999964],
	[3,0.09999999999999964],
	[3,0.09999999999999964],
	[9,0.09999999999999964],
	[2,0.09999999999999964],
	[6,0.09999999999999964],
	[7,0.09999999999999964],
	[7,0.09999999999999964],
	[1,0.09999999999999964],
	[3,0.09999999999999964],
	[4,0.09999999999999964],
	[5,0.09999999999999964],
	[4,0.09999999999999964],
	[5,0.09999999999999964],
	[7,0.09999999999999964],
	[3,0.09999999999999964],
	[4,0.09999999999999964],
	[8,0.09999999999999964],
	[4,0.09999999999999964],
	[6,0.09999999999999964],
	[3,0.09999999999999964],
	[8,0.09999999999999964],
	[4,0.09999999999999964],
	[2,0.09999999999999964],
	[6,0.09999999999999964],
	[4,0.09999999999999964],
	[8,0.09999999999999964],
	[8,0.09999999999999964],
	[1,0.09999999999999964],
	[12,0.09999999999999964],
	[2,0.09999999999999964],
	[9,0.09999999999999964],
	[1,0.09999999999999964],
	[4,0.09999999999999964],
	[8,0.09999999999999964],
	[13,0.09999999999999964],
	[6,0.09999999999999964],
	[7,0.09999999999999964],
	[2,0.09999999999999964],
	[13,0.09999999999999964],
	[5,0.09999999999999964],
	[0,0.09999999999999964],
	[4,0.09999999999999964],
	[9,0.09999999999999964],
	[7,0.09999999999999964],
	[10,0.09999999999999964],
	[4,0.09999999999999964],
	[3,0.09999999999999964],
	[10,0.09999999999999964],
	[1,0.09999999999999964],
	[7,0.09999999999999964],
	[6,0.09999999999999964],
	[5,0.09999999999999964],
	[0,0.09999999999999964],
	[9,0.09999999999999964],
	[2,0.09999999999999964],
	[9,0.09999999999999964],
	[1,0.09999999999999964],
	[7,0.09999999999999964],
	[6,0.09999999999999964],
	[9,0.09999999999999964],
	[1,0.09999999999999964],
	[5,0.09999999999999964],
	[10,0.09999999999999964],
	[8,0.09999999999999964],
	[6,0.09999999999999964],
	[9,0.09999999999999964],
	[8,0.09999999999999964],
	[9,0.09999999999999964],
	[9,0.09999999999999964],
	[11,0.09999999999999964],
	[7,0.09999999999999964],
	[7,0.09999999999999964],
	[6,0.09999999999999964],
	[4,0.09999999999999964],
	[7,0.09999999999999964],
	[3,0.09999999999999964],
	[5,0.09999999999999964],
	[7,0.09999999999999964],
	[0,0.09999999999999964],
	[9,0.09999999999999964],
	[1,0.09999999999999964],
	[7,0.09999999999999964],
	[2,0.09999999999999964],
	[5,0.09999999999999964],
	[6,0.09999999999999964],
	[6,0.09999999999999964],
	[3,0.09999999999999964],
	[4,0.09999999999999964],
	[6,0.09999999999999964],
	[8,0.09999999999999964],
	[6,0.09999999999999964],
	[1,0.09999999999999964],
	[2,0.09999999999999964],
	[2,0.09999999999999964],
	[0,0.09999999999999964],
	[6,0.09999999999999964],
	[2,0.09999999999999964],
	[6,0.09999999999999964],
	[2,0.09999999999999964],
	[4,0.09999999999999964],
	[0,0.09999999999999964],
	[4,0.09999999999999964],
	[6,0.09999999999999964],
	[5,0.09999999999999964],
	[3,0.09999999999999964],
	[4,0.09999999999999964],
	[8,0.09999999999999964],
	[7,0.09999999999999964],
	[4,0.09999999999999964],
	[7,0.09999999999999964],
	[5,0.09999999999999964],
	[7,0.09999999999999964],
	[4,0.09999999999999964],
	[3,0.09999999999999964],
	[7,0.09999999999999964],
	[3,0.09999999999999964],
	[4,0.09999999999999964],
	[7,0.09999999999999964],
	[2,0.09999999999999964],
	[5,0.09999999999999964],
	[4,0.09999999999999964],
	[7,0.09999999999999964],
	[3,0.09999999999999964],
	[4,0.09999999999999964],
	[9,0.09999999999999964],
	[6,0.09999999999999964],
	[7,0.09999999999999964],
	[4,0.09999999999999964],
	[6,0.09999999999999964],
	[7,0.09999999999999964],
	[0,0.09999999999999964],
	[5,0.09999999999999964],
	[7,0.09999999999999964],
	[5,0.09999999999999964],
	[8,0.09999999999999964],
	[7,0.09999999999999964],
	[6,0.09999999999999964],
	[2,0.09999999999999964],
	[5,0.09999999999999964],
	[4,0.09999999999999964],
	[4,0.09999999999999964],
	[0,0.09999999999999964],
	[3,0.09999999999999964],
	[6,0.09999999999999964],
	[4,0.09999999999999964],
	[4,0.09999999999999964],
	[6,0.09999999999999964],
	[6,0.09999999999999964],
	[3,0.09999999999999964],
	[11,0.09999999999999964],
	[4,0.09999999999999964],
	[4,0.09999999999999964],
	[9,0.09999999999999964],
	[4,0.09999999999999964],
	[4,0.09999999999999964],
	[11,0.09999999999999964],
	[1,0.09999999999999964],
	[5,0.09999999999999964],
	[7,0.09999999999999964],
	[4,0.09999999999999964],
	[3,0.09999999999999964],
	[11,0.09999999999999964],
	[8,0.09999999999999964],
	[4,0.09999999999999964],
	[5,0.09999999999999964],
	[5,0.09999999999999964],
	[0,0.09999999999999964],
	[5,0.09999999999999964],
	[6,0.09999999999999964],
	[8,0.09999999999999964],
	[7,0.09999999999999964],
	[7,0.09999999999999964],
	[2,0.09999999999999964],
	[11,0.09999999999999964],
	[7,0.09999999999999964],
	[7,0.09999999999999964],
	[12,0.09999999999999964],
	[4,0.09999999999999964],
	[11,0.09999999999999964],
	[3,0.09999999999999964],
	[11,0.09999999999999964],
	[1,0.09999999999999964],
	[0,0.09999999999999964],
	[4,0.09999999999999964],
	[9,0.09999999999999964],
	[9,0.09999999999999964],
	[7,0.09999999999999964],
	[4,0.09999999999999964],
	[8,0.09999999999999964],
	[7,0.09999999999999964],
	[6,0.09999999999999964],
	[7,0.09999999999999964],
	[11,0.09999999999999964],
	[4,0.09999999999999964],
	[0,0.09999999999999964],
	[5,0.09999999999999964],
	[5,0.09999999999999964],
	[6,0.09999999999999964],
	[11,0.09999999999999964],
	[3,0.09999999999999964],
	[3,0.09999999999999964],
	[4,0.09999999999999964],
	[5,0.09999999999999964],
	[2,0.09999999999999964],
	[8,0.09999999999999964],
	[6,0.09999999999999964],
	[6,0.09999999999999964],
	[1,0.09999999999999964],
	[5,0.09999999999999964],
	[5,0.09999999999999964],
	[8,0.09999999999999964],
	[5,0.09999999999999964],
	[5,0.09999999999999964],
	[5,0.09999999999999964],
	[2,0.09999999999999964],
	[6,0.09999999999999964],
	[5,0.09999999999999964],
	[7,0.09999999999999964],
	[8,0.09999999999999964],
	[3,0.09999999999999964],
	[6,0.09999999999999964],
	[4,0.09999999999999964],
	[5,0.09999999999999964],
	[4,0.09999999999999964],
	[8,0.09999999999999964],
	[4,0.09999999999999964],
	[2,0.09999999999999964],
	[0,0.09999999999999964],
	[7,0.09999999999999964],
	[6,0.09999999999999964],
	[5,0.09999999999999964],
	[3,0.09999999999999964],
	[6,0.09999999999999964],
	[3,0.09999999999999964],
	[5,0.09999999999999964],
	[0,0.09999999999999964],
	[6,0.09999999999999964],
	[6,0.09999999999999964],
	[4,0.09999999999999964],
	[0,0.09999999999999964],
	[7,0.09999999999999964],
	[5,0.09999999999999964],
	[1,0.09999999999999964],
	[7,0.09999999999999964],
	[3,0.09999999999999964],
	[6,0.09999999999999964],
	[4,0.09999999999999964],
	[2,0.09999999999999964],
	[7,0.09999999999999964],
	[8,0.09999999999999964],
	[5,0.09999999999999964],
	[7,0.09999999999999964],
	[9,0.09999999999999964],
	[2,0.09999999999999964],
	[3,0.09999999999999964],
	[9,0.09999999999999964],
	[9,0.09999999999999964],
	[1,0.09999999999999964],
	[2,0.09999999999999964],
	[8,0.09999999999999964],
	[1,0.09999999999999964],
	[9,0.09999999999999964],
	[6,0.09999999999999964],
	[5,0.09999999999999964],
	[8,0.09999999999999964],
	[5,0.09999999999999964],
	[8,0.09999999999999964],
	[5,0.09999999999999964],
	[7,0.09999999999999964],
	[10,0.09999999999999964],
	[10,0.09999999999999964],
	[7,0.09999999999999964],
	[8,0.09999999999999964],
	[5,0.09999999999999964],
	[5,0.09999999999999964],
	[6,0.09999999999999964],
	[8,0.09999999999999964],
	[7,0.09999999999999964],
	[1,0.09999999999999964],
	[3,0.09999999999999964],
	[7,0.09999999999999964],
	[3,0.09999999999999964],
	[7,0.09999999999999964],
	[2,0.09999999999999964],
	[5,0.09999999999999964],
	[5,0.09999999999999964],
	[3,0.09999999999999964],
	[7,0.09999999999999964],
	[0,0.09999999999999964],
	[6,0.09999999999999964],
	[2,0.09999999999999964],
	[6,0.09999999999999964],
	[8,0.09999999999999964],
	[5,0.09999999999999964],
	[7,0.09999999999999964],
	[5,0.09999999999999964],
	[4,0.09999999999999964],
	[1,0.09999999999999964],
	[2,0.09999999999999964],
	[2,0.09999999999999964],
	[7,0.09999999999999964],
	[4,0.09999999999999964],
	[9,0.09999999999999964],
	[2,0.09999999999999964],
	[2,0.09999999999999964],
	[2,0.09999999999999964],
	[4,0.09999999999999964],
	[6,0.09999999999999964],
	[0,0.09999999999999964],
	[6,0.09999999999999964],
	[7,0.09999999999999964],
	[0,0.09999999999999964],
	[0,0.09999999999999964],
	[4,0.09999999999999964],
	[4,0.09999999999999964],
	[4,0.09999999999999964],
	[0,0.09999999999999964],
	[2,0.09999999999999964],
	[7,0.09999999999999964],
	[0,0.09999999999999964],
	[0,0.09999999999999964],
	[5,0.09999999999999964],
	[0,0.09999999999999964],
	[2,0.09999999999999964],
	[1,0.09999999999999964],
	[0,0.09999999999999964],
	[5,0.09999999999999964],
	[6,0.09999999999999964],
	[4,0.09999999999999964],
	[5,0.09999999999999964],
	[2,0.09999999999999964],
	[2,0.09999999999999964],
	[5,0.09999999999999964],
	[1,0.09999999999999964],
	[3,0.09999999999999964],
	[2,0.09999999999999964],
	[4,0.09999999999999964],
	[4,0.09999999999999964],
	[5,0.09999999999999964],
	[2,0.09999999999999964],
	[0,0.09999999999999964],
	[3,0.09999999999999964],
	[3,0.09999999999999964],
	[0,0.09999999999999964],
	[1,0.09999999999999964],
	[3,0.09999999999999964],
	[3,0.09999999999999964],
	[0,0.09999999999999964],
	[5,0.09999999999999964],
	[3,0.09999999999999964],
	[3,0.09999999999999964],
	[4,0.09999999999999964],
	[3,0.09999999999999964],
	[0,0.09999999999999964],
	[0,0.09999999999999964],
	[0,0.09999999999999964],
	[0,0.09999999999999964],
	[0,0.09999999999999964],
	[0,0.09999999999999964],
	[0,0.09999999999999964],
	[0,0.09999999999999964],
	[0,0.09999999999999964],
	[0,0.09999999999999964],
	[0,0.09999999999999964],
	[0,0.09999999999999964],
	[0,0.09999999999999964],
	[0,0.09999999999999964],
	[1,0.09999999999999964],
	[2,0.09999999999999964],
	[2,0.09999999999999964],
	[2,0.09999999999999964],
	[0,0.09999999999999964],
	[1,0.09999999999999964],
	[0,0.09999999999999964],
	[0,0.09999999999999964],
	[0,0.09999999999999964],
	[0,0.09999999999999964],
	[0,0.09999999999999964],
	[0,0.09999999999999964]
]